pid cond    pre.wm.s1   pre.wm.s2   post.wm.s1  post.wm.s2  pre.wm.v1   pre.wm.v2   post.wm.v1  post.wm.v2
101 aer 24  33  27  39  14  10  13  14
102 aer 19  25  29  29  7   5   7   5
103 aer 16  28  20  33  19  15  9   13
104 aer 19  24  28  23  18  11  27  11
105 aer 20  24  27  34  20  13  43  18
106 aer 17  21  25  30  20  11  21  13
107 aer 20  22  21  30  26  14  38  16
108 aer 16  24  26  30  20  12  3   11
109 aer 21  29  33  40  35  26  30  30
110 aer 19  30  26  33  27  19  34  21
111 aer 20  27  25  35  16  13  5   16
112 aer 13  26  22  32  8   3   15  2
113 aer 15  28  20  38  19  15  35  15
114 aer 15  26  23  26  0   0   0   6
115 aer 15  29  25  37  0   2   2   6
116 aer 25  31  29  43  10  2   32  5
117 aer 18  26  31  33  0   0   1   0
118 aer 17  24  26  25  4   5   2   7
119 aer 17  30  20  39  13  12  20  15
120 aer 17  28  22  32  20  15  16  19
121 aer 18  23  22  29  25  16  34  23
122 aer 15  30  21  39  6   3   24  3
123 aer 22  27  31  42  0   0   11  0
124 aer 18  24  24  30  27  19  30  21
125 aer 21  25  28  38  3   1   11  6
126 aer 17  28  21  36  36  26  35  29
127 aer 19  31  24  35  10  9   10  12
128 aer 18  27  20  38  23  17  21  16
129 aer 16  26  25  39  26  20  22  26
130 aer 18  25  28  34  35  24  43  28
131 aer 18  25  26  30  25  23  38  23
132 aer 14  33  22  38  10  5   26  9
133 aer 11  23  20  24  25  21  20  25
134 aer 20  28  26  33  3   5   15  5
135 aer 16  23  28  32  22  19  39  24
136 aer 21  26  21  35  23  16  33  22
137 aer 19  31  29  38  6   5   22  6
138 aer 15  21  22  27  32  20  42  24
139 aer 17  24  23  32  6   7   12  6
140 aer 17  26  23  34  30  23  32  22
141 aer 12  24  23  34  3   1   3   1
142 aer 14  25  14  29  0   0   0   0
143 aer 20  26  27  30  21  14  12  18
144 aer 18  27  23  33  6   2   6   4
145 aer 21  26  28  36  8   8   15  9
146 aer 20  30  31  37  4   0   3   1
147 aer 17  28  25  36  8   4   18  1
148 aer 17  25  27  33  15  20  6   18
149 aer 23  24  30  33  14  11  0   20
150 aer 21  30  30  32  9   12  0   20
151 aer 14  26  20  34  0   0   1   0
152 aer 16  26  24  36  9   6   7   10
153 aer 16  30  22  36  17  12  10  14
154 aer 15  25  30  29  11  8   21  8
155 aer 15  21  22  24  22  20  26  25
156 aer 18  26  24  32  12  7   3   9
157 aer 17  29  24  33  19  13  36  14
158 aer 22  34  27  41  21  14  15  19
159 aer 18  24  27  32  6   10  12  12
160 aer 21  27  30  36  5   1   0   13
161 aer 21  26  29  32  18  16  26  15
162 aer 17  26  21  33  1   2   2   3
163 aer 15  23  22  25  10  6   10  7
164 aer 21  34  30  37  8   8   4   13
165 aer 19  26  29  33  5   4   10  6
166 aer 21  29  33  44  14  11  25  12
167 aer 25  34  34  38  0   0   0   0
168 aer 21  23  27  31  23  10  34  17
169 aer 17  26  23  37  10  7   28  7
170 aer 22  35  28  42  14  6   26  13
171 aer 21  28  28  35  13  4   0   3
172 aer 22  29  27  30  19  5   36  1
173 aer 16  24  27  32  9   1   7   6
174 aer 19  22  24  29  0   1   0   4
175 aer 13  24  25  27  9   6   13  8
176 aer 13  25  21  31  18  17  24  23
177 aer 23  33  23  35  24  17  21  24
178 aer 15  27  20  37  19  15  37  20
179 aer 20  32  28  38  8   7   10  15
180 aer 18  28  21  38  6   6   0   8
181 aer 19  28  25  34  1   0   5   0
182 aer 15  22  20  29  26  16  22  12
183 aer 23  33  31  42  32  23  32  26
184 aer 20  29  28  35  12  9   28  9
185 aer 22  27  30  34  20  19  13  16
186 aer 19  27  27  34  1   0   0   0
187 aer 20  28  26  32  2   3   0   9
188 aer 13  28  23  31  14  14  14  17
189 aer 15  25  20  36  27  21  28  23
190 aer 15  24  23  33  16  12  25  11
191 aer 17  21  22  27  14  11  20  16
192 aer 17  25  25  37  0   4   2   3
193 aer 14  26  21  26  9   8   30  9
194 aer 18  28  23  40  10  4   3   6
195 aer 17  29  20  35  0   0   38  0
196 aer 20  25  30  33  19  13  20  19
197 aer 13  23  23  35  22  16  17  21
198 aer 19  24  26  33  15  9   16  14
199 aer 18  30  31  43  20  9   23  9
200 aer 16  29  20  34  22  16  45  19
